Ma  Re300_20  Re300_40  Re600_20  Re600_40  Kn300_20  Kn300_40  Kn600_20  Kn600_40
0 0 0 0 0 0.00221711 0.00110856 0.00512649 0.00256325
0.0353535 24.2173 48.4347 10.4732 20.9464 0.00221832 0.00110916 0.00512946 0.00256473
0.0707071 48.3555 96.7111 20.9101 41.8202 0.00222196 0.00111098 0.00513837 0.00256919
0.106061 72.3361 144.672 31.2746 62.5493 0.00222801 0.00111401 0.00515324 0.00257662
0.141414 96.082 192.164 41.5315 83.0629 0.0022365 0.00111825 0.00517409 0.00258705
0.176768 119.518 239.036 51.6462 103.292 0.00224744 0.00112372 0.00520095 0.00260048
0.212121 142.572 285.144 61.5856 123.171 0.00226084 0.00113042 0.00523387 0.00261694
0.247475 165.174 330.348 71.3181 142.636 0.00227671 0.00113835 0.0052729 0.00263645
0.282828 187.26 374.519 80.8137 161.627 0.00229508 0.00114754 0.0053181 0.00265905
0.318182 208.767 417.533 90.0445 180.089 0.00231597 0.00115799 0.00536953 0.00268477
0.353535 229.639 459.278 98.9848 197.97 0.00233941 0.0011697 0.00542729 0.00271365
0.388889 249.824 499.649 107.611 215.222 0.00236543 0.00118271 0.00549145 0.00274573
0.424242 269.277 538.553 115.902 231.805 0.00239405 0.00119703 0.00556212 0.00278106
0.459596 287.955 575.91 123.84 247.68 0.00242533 0.00121266 0.00563941 0.0028197
0.494949 305.824 611.647 131.409 262.817 0.00245928 0.00122964 0.00572342 0.00286171
0.530303 322.853 645.705 138.595 277.19 0.00249596 0.00124798 0.00581428 0.00290714
0.565657 339.018 678.036 145.388 290.775 0.00253541 0.00126771 0.00591213 0.00295606
0.60101 354.3 708.601 151.779 303.559 0.00257768 0.00128884 0.0060171 0.00300855
0.636364 368.687 737.374 157.764 315.529 0.00262281 0.0013114 0.00612935 0.00306468
0.671717 382.169 764.338 163.34 326.679 0.00267085 0.00133543 0.00624904 0.00312452
0.707071 394.744 789.487 168.504 337.008 0.00272186 0.00136093 0.00637633 0.00318817
0.742424 406.412 812.825 173.259 346.518 0.0027759 0.00138795 0.0065114 0.0032557
0.777778 417.181 834.362 177.608 355.217 0.00283302 0.00141651 0.00665443 0.00332721
0.813131 427.059 854.119 181.557 363.114 0.00289328 0.00144664 0.0068056 0.0034028
0.848485 436.061 872.123 185.112 370.223 0.00295675 0.00147838 0.00696513 0.00348256
0.883838 444.204 888.408 188.281 376.562 0.00302349 0.00151175 0.0071332 0.0035666
0.919192 451.508 903.016 191.076 382.151 0.00309357 0.00154678 0.00731004 0.00365502
0.954545 457.995 915.99 193.506 387.011 0.00316705 0.00158352 0.00749586 0.00374793
0.989899 463.691 927.383 195.584 391.168 0.003244 0.001622 0.00769089 0.00384544
1.02525 468.623 937.247 197.323 394.646 0.00332449 0.00166225 0.00789536 0.00394768
1.06061 472.82 945.64 198.737 397.473 0.00340861 0.0017043 0.00810951 0.00405476
1.09596 476.312 952.623 199.839 399.679 0.00349641 0.0017482 0.00833359 0.00416679
1.13131 479.128 958.257 200.646 401.292 0.00358798 0.00179399 0.00856784 0.00428392
1.16667 481.303 962.606 201.171 402.342 0.00368338 0.00184169 0.00881253 0.00440626
1.20202 482.867 965.733 201.43 402.859 0.00378271 0.00189136 0.00906791 0.00453395
1.23737 483.852 967.705 201.437 402.875 0.00388604 0.00194302 0.00933426 0.00466713
1.27273 484.292 968.584 201.209 402.418 0.00399343 0.00199672 0.00961184 0.00480592
1.30808 484.218 968.437 200.76 401.52 0.00410499 0.00205249 0.00990094 0.00495047
1.34343 483.663 967.326 200.105 400.209 0.00422078 0.00211039 0.0102018 0.00510092
1.37879 482.657 965.313 199.257 398.515 0.00434088 0.00217044 0.0105148 0.0052574
1.41414 481.23 962.46 198.233 396.466 0.00446538 0.00223269 0.0108402 0.00542008
1.44949 479.413 958.827 197.044 394.089 0.00459436 0.00229718 0.0111782 0.00558909
1.48485 477.235 954.47 195.705 391.41 0.0047279 0.00236395 0.0115292 0.00576459
1.5202 474.723 949.446 194.228 388.456 0.00486609 0.00243304 0.0118934 0.00594672
1.55556 471.904 943.808 192.626 385.251 0.00500899 0.0025045 0.0122713 0.00613564
1.59091 468.804 937.608 190.909 381.818 0.00515671 0.00257835 0.012663 0.00633151
1.62626 465.448 930.896 189.09 378.18 0.00530931 0.00265466 0.0130689 0.00653447
1.66162 461.859 923.718 187.179 374.358 0.00546688 0.00273344 0.0134894 0.00674469
1.69697 458.06 916.119 185.186 370.372 0.00562951 0.00281476 0.0139247 0.00696233
1.73232 454.071 908.142 183.121 366.242 0.00579727 0.00289864 0.0143751 0.00718753
1.76768 449.914 899.827 180.992 361.984 0.00597025 0.00298512 0.0148409 0.00742047
1.80303 445.606 891.213 178.809 357.617 0.00614852 0.00307426 0.0153226 0.00766131
1.83838 441.167 882.333 176.578 353.157 0.00633216 0.00316608 0.0158204 0.0079102
1.87374 436.612 873.223 174.308 348.617 0.00652127 0.00326063 0.0163346 0.00816731
1.90909 431.957 863.915 172.006 344.011 0.0067159 0.00335795 0.0168656 0.00843281
1.94444 427.218 854.436 169.677 339.354 0.00691615 0.00345808 0.0174137 0.00870685
1.9798 422.408 844.815 167.328 334.656 0.0071221 0.00356105 0.0179792 0.0089896
2.01515 417.539 835.078 164.965 329.929 0.0073338 0.0036669 0.0185624 0.00928122
2.05051 412.624 825.248 162.592 325.183 0.00755136 0.00377568 0.0191638 0.00958189
2.08586 407.673 815.347 160.214 320.428 0.00777483 0.00388742 0.0197835 0.00989175
2.12121 402.698 805.396 157.836 315.672 0.0080043 0.00400215 0.020422 0.010211
2.15657 397.706 795.413 155.461 310.922 0.00823984 0.00411992 0.0210795 0.0105397
2.19192 392.708 785.416 153.093 306.187 0.00848151 0.00424076 0.0217564 0.0108782
2.22727 387.71 775.421 150.736 301.473 0.0087294 0.0043647 0.022453 0.0112265
2.26263 382.721 765.442 148.393 296.785 0.00898358 0.00449179 0.0231696 0.0115848
2.29798 377.746 755.492 146.065 292.13 0.00924411 0.00462205 0.0239067 0.0119533
2.33333 372.792 745.584 143.756 287.512 0.00951106 0.00475553 0.0246644 0.0123322
2.36869 367.864 735.729 141.468 282.935 0.0097845 0.00489225 0.0254431 0.0127215
2.40404 362.968 725.936 139.202 278.404 0.0100645 0.00503225 0.0262431 0.0131216
2.43939 358.108 716.215 136.961 273.921 0.0103511 0.00517556 0.0270648 0.0135324
2.47475 353.287 706.574 134.745 269.491 0.0106444 0.00532221 0.0279084 0.0139542
2.5101 348.51 697.019 132.557 265.115 0.0109445 0.00547224 0.0287744 0.0143872
2.54545 343.779 687.558 130.398 260.796 0.0112514 0.00562568 0.0296629 0.0148314
2.58081 339.098 678.196 128.268 256.536 0.0115651 0.00578255 0.0305743 0.0152872
2.61616 334.469 668.937 126.168 252.336 0.0118858 0.00594289 0.0315089 0.0157545
2.65152 329.894 659.787 124.099 248.199 0.0122135 0.00610673 0.0324671 0.0162336
2.68687 325.375 650.75 122.062 244.124 0.0125482 0.00627409 0.0334491 0.0167245
2.72222 320.914 641.828 120.057 240.114 0.01289 0.00644501 0.0344552 0.0172276
2.75758 316.512 633.024 118.084 236.169 0.013239 0.00661952 0.0354857 0.0177428
2.79293 312.17 624.34 116.145 232.289 0.0135953 0.00679763 0.0365409 0.0182705
2.82828 307.889 615.779 114.238 228.475 0.0139588 0.00697938 0.0376212 0.0188106
2.86364 303.671 607.342 112.364 224.727 0.0143296 0.00716479 0.0387267 0.0193634
2.89899 299.515 599.029 110.523 221.045 0.0147078 0.00735389 0.0398579 0.0199289
2.93434 295.422 590.843 108.715 217.429 0.0150934 0.00754671 0.0410149 0.0205074
2.9697 291.391 582.783 106.94 213.879 0.0154865 0.00774326 0.042198 0.021099
3.00505 287.425 574.85 105.197 210.394 0.0158872 0.00794358 0.0434076 0.0217038
3.0404 283.521 567.043 103.487 206.975 0.0162954 0.00814768 0.0446439 0.022322
3.07576 279.681 559.362 101.81 203.62 0.0167112 0.0083556 0.0459072 0.0229536
3.11111 275.904 551.808 100.164 200.329 0.0171347 0.00856735 0.0471977 0.0235989
3.14646 272.189 544.379 98.5505 197.101 0.0175659 0.00878295 0.0485157 0.0242579
3.18182 268.537 537.074 96.968 193.936 0.0180049 0.00900243 0.0498615 0.0249308
3.21717 264.947 529.893 95.4165 190.833 0.0184516 0.00922581 0.0512353 0.0256177
3.25253 261.418 522.835 93.8955 187.791 0.0189062 0.0094531 0.0526374 0.0263187
3.28788 257.949 515.899 92.4046 184.809 0.0193687 0.00968434 0.054068 0.027034
3.32323 254.541 509.082 90.9435 181.887 0.0198391 0.00991953 0.0555274 0.0277637
3.35859 251.193 502.385 89.5116 179.023 0.0203174 0.0101587 0.0570159 0.0285079
3.39394 247.903 495.805 88.1085 176.217 0.0208037 0.0104019 0.0585336 0.0292668
3.42929 244.671 489.341 86.7337 173.467 0.0212981 0.0106491 0.0600807 0.0300404
3.46465 241.496 482.992 85.3868 170.774 0.0218006 0.0109003 0.0616576 0.0308288
3.5 238.378 476.756 84.0672 168.134 0.0223111 0.0111555 0.0632645 0.0316323
